-85.405456	31.87067
-88.248887	31.991008
-86.992029	31.428293
-86.142739	32.597229
-87.623061	32.752796
-85.941997	31.798726
-85.18698	32.289811
-86.678104	33.262937
-181.661187	51.959447
-113.749689	35.717705
-92.168164	33.463819
-93.541663	36.337774
-93.176205	34.053312
-92.188714	33.893201
-91.559942	35.737499
-91.223178	35.596605
-93.901509	33.305505
-91.028441	36.341299
-121.913304	37.648081
-120.653856	38.44355
-121.951543	37.919479
-123.925818	40.706673
-118.261862	34.196398
-120.722802	37.194806
-121.340441	38.450011
-121.690622	37.220777
-121.34428	39.270026
-105.398382	40.094826
-107.864757	38.861756
-106.095876	40.123289
-107.767133	38.1506
-72.900204	41.349717
-77.017094	38.904149
-80.700384	28.298276
-82.623127	30.221305
-84.612783	30.57917
-83.890859	30.424558
-84.2778	30.45931
-81.323295	28.514435
-81.740894	29.606006
-81.13198	28.690079
-83.616417	30.016943
-85.662797	30.602217
-83.255362	33.059532
-83.712303	33.992009
-83.588971	30.833696
-82.251342	33.550556
-81.343337	32.361711
-85.139594	33.290968
-81.457969	31.807245
-82.473188	33.482464
-84.192407	31.22894
-82.210427	31.353988
-82.059208	32.043768
-83.989573	34.83377
-81.912376	31.547845
-83.175587	32.804321
-159.705965	22.012038
-115.715111	43.987275
-116.708527	43.623051
-114.252251	44.273341
-115.470751	43.394826
-111.484429	44.218091
-116.42376	46.236328
-114.665639	42.352309
-115.637875	44.771532
-87.436118	42.326444
-89.365308	40.12907
-87.978456	41.448474
-87.315479	40.608253
-87.076988	38.696155
-86.103681	38.18644
-86.044259	40.772881
-86.62654	38.081436
-86.893943	40.38926
-86.104751	38.600613
-95.149726	43.079822
-90.534243	41.898073
-91.477157	40.647588
-92.869642	41.028847
-101.299362	37.547537
-98.144529	37.552951
-101.771103	38.926626
-83.681046	36.72268
-86.682471	37.207013
-83.963927	37.69246
-83.706152	38.368431
-82.740337	37.558283
-85.881995	37.313856
-84.020686	37.40332
-82.738305	38.074459
-84.277008	37.723528
-85.269242	37.552247
-85.465955	37.803188
-82.402869	37.482067
-84.314419	37.36122
-85.326698	37.365106
-83.495068	37.743774
-92.411037	30.291497
-93.061513	32.344268
-91.626314	31.469806
-93.740797	32.059248
-91.093174	30.544002
-93.086106	31.734982
-89.939007	30.068636
-92.535953	31.193204
-93.559228	31.560209
-93.339825	32.732152
-69.514029	43.994265
-76.560511	38.993374
-77.015512	39.563189
-77.814671	39.603621
-71.396507	42.479477
-86.901373	45.805101
-82.910869	42.671467
-87.584028	46.656597
-87.509892	45.544174
-84.124894	44.685121
-82.668914	42.928804
-95.564108	45.028625
-93.475185	45.006064
-94.904634	48.7681
-95.761581	44.015594
-94.955617	44.723697
-93.534553	44.651932
-92.890117	45.037929
-89.99324	34.874266
-88.876151	33.422313
-91.325567	31.160249
-90.387928	32.765675
-90.40313	36.71518
-92.765138	38.031995
-89.684908	37.383882
-93.500227	39.427375
-89.802125	37.71113
-90.445954	38.640702
-92.142824	40.447686
-89.941735	36.855428
-111.350571	47.316443
-110.436189	47.886837
-113.139108	46.099059
-114.054319	48.314696
-113.425683	46.395358
-111.917328	45.319288
-107.928833	48.250155
-106.701953	46.161734
-106.687883	48.365713
-97.596705	40.52504
-97.174724	41.904793
-74.074522	40.95909
-74.961251	39.802352
-74.246136	40.787217
-74.91197	40.565283
-104.640126	36.612963
-104.401527	34.351429
-108.381504	32.732087
-103.829931	35.863152
-107.188161	33.119479
-79.407595	42.304216
-73.705648	44.75271
-74.894694	43.461635
-76.053522	43.995371
-75.434282	43.242727
-75.028841	42.629776
-73.855387	43.106135
-73.439428	43.312377
-81.530076	35.957857
-84.061308	35.136233
-77.082541	35.118179
-75.767536	35.606269
-80.542542	35.929356
-79.241964	35.017233
-77.356443	35.03216
-82.048029	35.682232
-77.112867	35.841059
-80.833832	35.246862
-79.477337	34.840023
-82.816696	35.210095
-82.30398	35.889504
-97.252375	46.927003
-101.639049	46.357827
-97.72223	48.376979
-103.4874	48.345867
-81.724217	41.760392
-84.486433	41.321679
-82.525897	41.554006
-84.576967	41.119141
-99.41221	34.593949
-97.934568	35.949431
-95.5141	35.963479
-117.691933	44.703427
-120.211851	45.381666
-121.646168	42.683761
-122.897678	43.928276
-122.543756	44.494824
-117.603976	43.1877
-122.417173	45.547693
-79.464128	40.812379
-75.749732	39.973965
-77.649141	41.245301
-80.225694	39.848983
-79.087545	40.651432
-77.400438	40.530673
-75.370201	40.209999
-81.363421	32.979784
-80.159227	34.637018
-79.300812	33.41753
-82.372077	34.892645
-81.143362	32.778323
-81.021627	32.43059
-82.725368	34.887362
-81.183189	34.97019
-102.715864	44.606792
-100.760598	43.58493
-102.823802	44.002349
-82.126593	36.284744
-83.119223	35.916198
-89.135349	35.811312
-84.932703	36.376079
-82.931386	36.452206
-87.467114	35.802396
-84.823888	35.503397
-86.417213	35.843369
-85.942078	36.25565
-101.356636	34.964179
-99.197228	33.618172
-97.637632	31.900764
-97.631097	29.840422
-99.346622	31.914205
-102.487774	31.422797
-96.798336	32.347279
-106.241391	31.766403
-99.777427	33.980404
-94.894865	29.228706
-95.853418	32.211633
-95.4216	31.323036
-94.149331	29.854
-97.591233	26.890232
-95.995622	31.300493
-98.594623	31.494889
-94.62025	31.62056
-93.893358	30.120918
-102.71986	30.770894
-96.514941	31.025481
-100.527216	30.896233
-98.715803	26.546335
-94.966783	33.214599
-94.379449	30.769579
-95.569888	30.74309
-103.105113	31.513069
-95.382166	32.783588
-113.238948	38.357535
-113.052922	41.476021
-110.42983	40.289649
-111.815413	37.275118
-111.577885	41.091027
-111.924244	40.667882
-111.668667	40.120409
-79.146682	38.167807
-82.349208	37.137081
-77.635492	37.073498
-78.263916	39.203637
-76.523505	37.403541
-77.490992	37.760166
-77.162702	38.277179
-75.923868	37.302629
-79.398502	36.821721
-77.912855	37.549404
-76.730561	37.942894
-78.876307	38.511257
-81.562924	37.125395
-119.516864	46.228072
-120.618543	47.859892
-123.930611	48.113009
-119.69588	47.735866
-123.52181	47.802641
-120.676714	47.124444
-117.854897	48.390648
-79.996914	39.139754
-81.713314	38.022838
-81.523522	38.328061
-81.940853	37.830591
-80.547891	37.550353
-80.797516	38.291416
-81.354502	38.743033
-90.695368	42.870062
-91.14713	45.864913
-109.593598	44.492387
-85.803992	34.460929
-85.296398	31.158193
-85.692887	32.387027
-87.791091	32.247591
-86.321668	34.309564
-86.203831	32.203651
-86.315663	33.712963
-88.200057	32.597481
-86.175805	33.369277
-87.302205	31.99033
-135.1851	58.076434
-143.218628	63.864997
-111.773728	35.829692
-109.87831	32.931828
-112.495534	33.346541
-113.910905	32.773942
-91.772267	33.190835
-94.256187	36.337825
-92.513879	33.56046
-90.418704	36.367302
-93.990988	34.083179
-91.101153	36.041098
-90.052209	35.766943
-91.203314	34.679513
-93.305072	33.666699
-91.5572	34.828225
-94.274989	35.196981
-94.24329	33.994608
-91.244418	35.189071
-123.442881	39.432388
-122.325995	38.507351
-116.002239	33.729828
-121.085296	36.610702
-116.776117	33.023604
-122.945194	38.532574
-121.702758	39.035257
-118.780542	36.230453
-121.903178	38.679268
-105.42894	37.277547
-104.880625	39.761849
-106.692944	39.630638
-104.04411	37.318831
-105.717648	39.118914
-106.453214	37.485763
-108.427326	38.009374
-73.366757	41.228103
-72.103452	41.47863
-75.335495	38.677511
-82.524796	28.843628
-87.33904	30.611664
-82.795801	29.723456
-82.951049	30.491102
-81.89225	26.552134
-84.868581	30.259849
-80.499045	25.610494
-80.887388	27.385592
-81.139312	28.059027
-83.694193	32.808844
-81.438543	32.017969
-100.739929	38.049855
-97.654803	39.137963
-100.90636	38.481877
-84.986417	38.005396
-83.737641	38.152249
-83.322401	37.521178
-85.703036	37.969572
-87.87051	37.148643
-83.048821	38.309555
-84.144974	37.970133
-87.087139	37.731671
-84.458443	38.040157
-86.344011	37.458577
-83.221497	36.859223
-82.830639	37.84926
-82.949138	37.354703
-83.85563	36.887476
-83.373303	38.532051
-83.069716	37.698954
-82.506623	37.796774
-84.879695	37.812085
-87.134092	37.213816
-84.025554	38.337132
-83.217772	37.241282
-84.83044	36.802011
-91.234141	32.73017
-92.404086	30.720693
-92.816221	30.269529
-90.727474	30.440419
-91.800399	32.820008
-91.758375	32.418121
-89.951962	30.410022
-92.37565	32.829349
-92.641269	31.941187
-70.444727	44.973012
-70.734688	44.494585
-69.139678	44.505361
-70.670402	43.427239
-78.703108	39.612309
-76.616569	39.443167
-77.015427	38.472853
-77.397627	39.470427
-77.203063	39.137382
-76.17913	38.749427
-75.632206	38.367389
-71.087062	41.748576
-70.741942	41.987196
-71.020173	42.33196
-89.788314	46.488054
-82.857045	43.907616
-88.148802	47.681981
-85.303756	46.167981
-83.487106	41.916097
-81.091768	31.974756
-83.429552	31.152935
-84.493941	33.412717
-84.453984	34.690541
-83.526406	34.635108
-83.818497	34.317588
-85.220062	33.795165
-84.15444	33.452881
-82.448299	33.792151
-81.370199	31.482978
-83.203637	34.128486
-84.490256	34.456621
-82.074998	33.361487
-84.204283	32.042203
-82.332071	32.126698
-82.570882	32.409586
-78.242313	36.945757
-83.425879	32.665847
-77.103856	36.720173
-84.968541	34.801726
-82.747922	33.77904
-155.502443	19.597764
-156.60155	20.855931
-112.228986	42.692939
-113.887841	44.928789
-116.142655	42.593063
-112.844407	42.694126
-116.79783	44.448213
-89.423136	38.606423
-87.645455	41.894294
-88.047941	38.417095
-90.677579	40.455789
-89.794133	40.022569
-89.797411	41.096908
-87.839167	38.445821
-85.32373	40.472672
-85.398856	40.227165
-86.114118	40.483537
-87.420182	38.688663
-86.056207	40.310229
-94.867647	42.039492
-92.790261	42.403323
-93.093849	41.331455
-94.667297	43.075854
-94.179157	42.434397
-105.637987	36.576529
-73.777573	44.108971
-74.76468	41.720176
-73.745912	41.15277
-81.49877	36.436305
-76.842014	35.482313
-78.539513	34.591949
-75.941224	36.372174
-80.206525	35.795123
-77.602655	35.917055
-83.830909	35.348111
-78.87161	35.368635
-82.479634	35.336424
-76.153687	35.408157
-82.712731	35.86408
-79.904196	35.338071
-77.871378	34.177466
-77.503297	34.76346
-76.665069	35.147462
-79.747809	35.001957
-78.371382	34.990575
-80.254355	35.310523
-76.165345	35.87042
-99.361987	48.071738
-98.46379	48.768439
-103.403215	47.742475
-101.279743	46.713789
-97.545405	48.766896
-96.93796	46.265219
-84.544187	39.196927
-83.468867	41.682321
-84.129879	41.024533
-83.313172	40.840122
-96.264137	33.964004
-97.328332	35.203117
-99.844194	34.745971
-97.838814	34.105092
-98.981617	34.921489
-97.449811	35.016414
-96.770533	34.027007
-96.957007	35.211393
-94.750757	35.502435
-96.402226	45.419925
-94.064071	44.038225
-96.494901	46.898377
-90.29019	47.538571
-96.176836	44.999855
-91.411704	47.517111
-96.357761	48.362728
-94.266619	46.020484
-96.037725	48.069247
-95.254242	44.403536
-93.966397	45.175091
-91.351781	31.486218
-90.448758	31.866915
-89.80274	33.770031
-90.294934	33.54979
-88.439723	33.471424
-88.565787	33.10627
-89.946552	32.262057
-88.236067	34.737699
-90.851791	32.357005
-90.94443	33.273131
-92.961621	39.517969
-90.062254	36.153025
-95.219072	40.095724
-90.957771	39.058568
-93.285207	38.727367
-90.674915	38.781102
-93.204164	39.13584
-89.568098	37.047793
-104.515324	45.516825
-109.22328	47.222997
-111.173443	45.535559
-110.30532	47.032558
-112.382954	47.122133
-105.757222	47.629628
-110.921781	46.585706
-112.219928	48.230312
-104.99517	48.282747
-112.281725	47.819035
-102.328229	41.659381
-99.718351	42.87548
-97.131755	40.516802
-115.013819	36.214236
-117.04724	39.900211
-71.289383	44.652419
-71.099437	42.98936
-71.035927	43.293177
-74.633758	39.469354
-74.663006	39.875786
-74.703724	40.282503
-74.152446	40.287056
-74.263027	39.86585
-74.61993	40.565522
-104.306471	32.457858
-106.693983	36.509669
-123.705014	46.024509
-121.225575	43.915118
-123.15438	43.285904
-79.98092	40.46892
-78.473749	41.000249
-77.26344	40.164782
-75.398786	39.91667
-79.644586	39.914115
-77.968584	40.422321
-76.250198	40.041992
-75.329037	41.056233
-77.266328	40.39778
-75.292485	41.646589
-76.728446	39.921839
-71.617612	41.401162
-81.63387	33.549317
-82.638086	34.519549
-80.780347	33.67478
-80.404697	33.082186
-79.710233	34.028535
-78.976675	33.909269
-80.590885	34.338356
-76.89109	37.720995
-77.638857	39.08113
-80.387314	37.174885
-78.00998	38.250439
-78.490471	38.623751
-80.713444	37.063385
-79.447754	37.814517
-77.459043	38.418933
-78.207131	38.908187
-76.395533	37.220914
-119.691035	48.550971
-123.782419	46.556587
-121.766412	48.054913
-118.480374	46.254606
-78.032338	39.457854
-80.731649	38.699302
-81.115478	38.844159
-80.701147	39.263482
-81.086051	38.030933
-78.611989	39.31214
-77.86322	39.307399
-80.495518	38.988844
-82.077547	38.171651
-78.956581	39.405626
-78.257314	39.554835
-79.333707	38.686836
-80.012092	38.332513
-79.559968	39.111175
-82.419698	38.145531
-91.177282	46.634199
-90.95123	43.24991
-90.261299	46.32655
-90.113984	43.932836
-91.136745	45.472734
-91.358867	44.30305
-107.993321	44.525654
-108.605531	43.055303
-109.91617	42.767928
-86.319222	31.732826
-87.383266	31.580332
-135.578102	59.099905
-109.493747	35.385845
-91.376547	34.289574
-92.689248	35.265702
-93.665809	33.728611
-91.753158	35.254722
-120.534398	38.785532
-119.91286	37.570034
-116.181197	34.85722
-104.926199	39.326435
-75.644132	39.575915
-83.470437	30.447228
-87.014255	30.703633
-82.290103	31.739712
-84.022938	33.959101
-83.743713	34.643677
-82.005657	34.483477
-82.316192	33.897605
-80.802913	33.436135
-80.896566	34.029783
-80.382472	33.916046
-98.595143	43.206185
-100.852218	45.150005
-101.59179	44.284312
-100.686139	43.95199
-96.650829	42.831106
-101.669225	44.981666
-84.15925	36.401592
-87.100816	36.25518
-84.994761	35.952398
-86.78479	36.169129
-85.833596	35.98222
-89.398306	36.054196
-82.847746	36.178998
-85.202296	35.159186
-88.300384	36.325398
-83.937721	35.992727
-84.619963	35.424471
-86.765886	35.468387
-85.496928	36.140807
-84.949552	35.600587
-83.521955	35.791284
-89.895397	35.183794
-86.458517	36.470015
-89.763708	35.500297
-95.661744	31.841266
-94.611056	31.251951
-98.520147	29.448671
-101.433033	32.744062
-95.434647	29.167818
-96.5833	28.445366
-104.526945	31.445909
-95.67335	33.385933
-101.528971	31.868591
-97.949027	29.583208
-102.610047	35.840244
-98.18099	26.396384
-95.565194	33.148959
-100.76972	33.18478
-97.66062	27.438735
-96.976365	30.321105
-94.357673	32.797757
-95.997755	28.783341
-95.503523	30.302364
-96.476908	32.04845
-94.837338	30.784553
-104.261619	30.005891
-101.513901	31.372895
-95.048429	33.619626
-94.16318	31.382449
-98.840081	32.731531
-97.69127	30.239513
-95.153291	31.087483
-95.836391	32.558948
-95.982102	30.013578
-99.326641	27.770584
-97.605069	30.64903
-113.124015	40.467692
-111.161568	40.334884
-72.591515	43.588143
-77.973218	37.336131
-79.732898	38.068988
-79.527947	37.312408
-79.805318	37.553193
-77.054171	37.361048
-77.585847	37.378434
-76.941871	37.93948
-79.883959	36.99235
-79.567958	38.356672
-79.480664	35.310163
-96.602858	35.158366
-104.784968	34.869782
-80.217889	33.664682
-82.127876	34.155796
-121.836433	48.842653
-87.790625	36.04044
-80.350309	36.931438
-86.869267	34.131923
-133.527996	56.639612
-120.521993	39.576925
-82.0431	29.202805
-84.454857	31.319622
-87.232532	38.397898
-88.10501	37.358149
-93.882423	32.577195
-93.18152	31.110563
-108.967648	48.428282
-78.792143	43.456731
-94.766086	34.117073
-71.284063	41.502732
-100.749163	44.415547
-81.861237	36.453204
-100.815846	34.955036
-78.368959	36.687256
-123.827043	47.142786
-82.158993	37.721151
-149.407974	62.182174
-122.533287	41.587986
-75.502982	39.097088
-92.561716	31.597787
-68.64941	46.727057
-82.41905	33.051874
-81.617585	32.744751
-82.798112	32.971848
-93.784096	41.029191
-94.333773	46.951427
-90.03416	32.63437
-111.496103	46.334476
-112.660222	45.895959
-75.121644	39.328387
-79.420404	41.198239
-81.950291	36.747813
-79.677942	34.601805
-87.035319	35.202723
-86.358684	35.288889
-100.793696	34.058383
-77.560261	36.680225
-86.567246	33.977448
-87.818624	31.685521
-86.650586	32.147888
-93.611643	33.24066
-121.315573	36.240107
-121.002656	37.562384
-107.839718	37.287367
-85.256537	29.907257
-82.992754	30.189244
-111.822955	42.173589
-115.885092	47.347694
-87.115837	39.393951
-95.633262	42.742738
-99.254089	37.189071
-84.491052	36.731136
-83.258944	37.92294
-90.910023	30.202946
-91.846703	31.666517
-91.043434	30.839784
-90.70935	30.821423
-90.844191	29.333266
-75.309932	38.222133
-85.553848	44.718688
-94.733647	44.246542
-95.810703	47.325842
-89.586832	30.773791
-94.803551	39.988863
-91.924089	38.835966
-109.028551	45.224475
-106.982212	47.281174
-113.892681	47.027263
-101.681133	40.180165
-78.681006	42.244853
-74.306252	41.40241
-74.265447	41.947232
-76.962367	36.06133
-78.367267	35.513405
-77.398352	36.421774
-96.408385	36.62468
-124.211407	42.466671
-75.133346	40.009376
-79.466688	40.311068
-81.053161	33.203021
-80.703689	34.686818
-81.615831	34.690514
-83.660724	36.501557
-88.933776	35.991694
-82.299397	36.510212
-102.640206	32.312258
-96.508389	29.595908
-102.542507	31.865301
-94.374425	32.547993
-93.73925	30.786718
-95.79544	32.87058
-97.517165	28.011782
-110.590357	39.67005
-109.57345	38.974326
-80.008669	37.787905
-78.529169	37.573928
-77.821585	38.744103
-80.286141	36.667327
-82.095934	36.93342
-76.80417	38.109191
-122.485903	45.771674
-121.832375	47.493554
-89.767223	43.973763
-87.087936	45.067808
-91.297158	33.267139
-91.244427	33.828748
-107.078108	38.669679
-91.342576	32.001489
-91.451998	32.79248
-85.212974	40.735273
-84.874946	32.510197
-84.530029	32.704603
-82.688012	33.419169
-113.605498	42.288635
-89.913575	40.236993
-87.580566	38.317413
-99.898407	38.087493
-84.545856	37.630162
-85.697209	37.545518
-84.579376	38.289882
-91.240729	32.365824
-90.406633	30.621581
-76.534271	38.222666
-84.986822	45.590094
-89.11943	32.016989
-96.010699	45.930743
-92.463645	47.583852
-90.915424	31.97281
-90.523911	33.132978
-89.943105	34.649553
-112.990502	48.705671
-115.06455	47.155213
-99.990771	41.92523
-114.900945	39.417804
-74.847716	39.086143
-123.426317	44.490623
-78.198315	41.438289
-77.724485	39.926686
-71.578242	41.870488
-77.220993	37.187326
-122.829441	46.932598
-79.195064	39.105988
-81.548884	37.603717
-82.299763	32.5911
-111.327445	42.285833
-83.061522	34.748759
-86.458294	35.51366
-86.078219	35.488759
-83.440966	36.048479
-86.869377	36.52753
-96.27017	29.891901
-101.404211	30.717532
-95.570348	33.667263
-97.160479	28.312496
-96.971198	28.79637
-78.553506	38.024184
-79.095429	37.210151
-77.276117	38.833743
-107.746639	32.184482
-105.373515	38.101994
-82.875208	33.559314
-160.15335	60.928916
-92.653999	33.967823
-123.980998	41.749903
-119.749852	37.210039
-123.114404	40.647724
-105.421438	38.455658
-106.985289	40.48316
-81.712282	28.764113
-82.739518	27.903122
-82.00389	33.063737
-83.437728	33.834125
-115.6535	46.67257
-116.760903	46.333766
-86.042516	38.911957
-91.54427	40.985864
-86.192458	36.75077
-87.542196	37.31107
-83.597345	37.950715
-112.056771	46.126557
-114.119065	46.079298
-71.842264	43.926488
-74.547427	40.858581
-76.209258	43.461443
-82.530426	35.609371
-78.965471	36.386387
-81.165354	36.209303
-83.767543	40.132759
-98.931701	34.371085
-121.183021	44.64379
-122.57626	44.900898
-80.252132	40.200005
-80.655345	32.83498
-81.600053	34.28973
-99.841925	43.894812
-83.509493	36.277463
-84.523861	35.847472
-88.720785	36.303523
-96.302389	30.656725
-102.830449	33.60844
-101.890502	35.835676
-94.142565	31.790137
-111.744581	41.734225
-112.794262	39.710827
-76.413199	37.703831
-78.168824	38.684522
-118.517074	48.437246
-117.522962	46.903322
-79.867783	38.781087
-91.758714	44.389759
-106.881211	44.781369
-110.588102	44.049321
-86.896536	33.553444
-88.202078	31.406974
-152.321973	60.366373
-112.573745	34.630044
-91.894132	34.755114
-120.829516	39.99517
-122.04355	40.760522
-108.530383	37.747602
-105.482131	40.663091
-83.195666	29.580899
-81.764929	30.605926
-96.727489	39.291211
-83.097541	38.116425
-84.332796	38.443489
-82.861175	37.118503
-84.841509	38.499603
-91.842706	29.606013
-92.154798	32.477495
-75.831631	38.871531
-83.662856	32.458381
-83.268967	30.83368
-84.73799	34.797097
-83.37179	33.321061
-90.477759	39.63698
-94.66937	43.377984
-75.604905	42.489732
-78.227688	34.038708
-78.636378	34.260471
-77.681667	35.481933
-77.372404	35.591065
-83.465614	35.568849
-81.490653	39.450684
-95.554208	34.027645
-108.745729	31.899658
-75.10706	40.336887
-77.091054	37.70826
-78.432957	37.224881
-82.62156	36.974561
-80.386487	39.279199
-88.400322	45.849646
-87.991198	45.346899
-85.9774	34.763522
-83.231906	31.274308
-81.991053	34.933239
-97.478958	26.102923
-95.393037	29.857273
-94.756382	32.109423
-94.941649	32.735878
-82.038151	37.26812
-99.824078	40.509838
-120.555115	38.187844
-86.564108	47.080077
-119.014057	44.496326
-90.245705	39.969202
-76.260355	36.265276
-122.237563	39.177739
-111.544172	42.786273
-82.933833	38.563596
-86.051574	45.146182
-83.384019	45.489515
-119.710315	40.703311
-97.164754	47.446215
-84.316204	35.73745
-97.430415	28.6607
-98.678267	33.158787
-86.681969	31.751667
-85.822513	33.771706
-84.14455	36.758021
-90.394849	29.491993
-79.269416	39.529871
-88.356022	46.696068
-88.540409	46.170249
-96.400027	47.774254
-96.476657	46.362335
-90.091197	33.125942
-94.339246	38.257217
-94.342507	39.007233
-115.404343	48.542232
-104.921898	35.982841
-73.589384	40.729687
-98.070195	46.94255
-101.421794	47.653055
-99.552968	34.935263
-96.696669	36.313704
-76.792634	40.412565
-76.709877	40.851524
-79.953655	33.2077
-83.922973	35.688185
-84.639262	36.138697
-86.896958	35.894972
-101.355356	35.405496
-95.771015	29.526602
-99.730773	33.175965
-76.707569	36.901418
-78.573987	38.856204
-118.906944	46.53458
-123.100616	48.508862
-87.842815	34.441988
-149.274354	61.177549
-111.367257	32.91891
-91.930701	34.277696
-90.848386	34.425842
-122.745974	38.051817
-104.331872	39.874325
-96.780349	48.77604
-82.166796	29.946934
-81.74381	32.393408
-99.865423	38.921302
-87.572577	37.792542
-86.844871	37.477859
-92.161809	31.680836
-76.924406	39.252264
-72.663694	42.339459
-85.450392	45.513164
-84.762138	33.352897
-83.565133	34.134157
-83.404735	34.883026
-89.349506	37.183683
-89.417187	38.353141
-95.292046	38.215114
-73.838139	43.555105
-76.526967	34.858313
-83.421901	35.152959
-97.450851	47.926003
-83.009253	41.544467
-84.585775	40.85552
-95.383911	35.617551
-96.463807	47.32947
-90.4659	32.267924
-93.014531	40.478606
-105.555259	45.40889
-116.272208	39.977788
-75.357356	39.573828
-85.391812	32.917943
-86.726628	32.85406
-85.862051	33.267809
-85.516109	33.671981
-92.330438	36.28071
-93.079204	36.304308
-91.722778	33.587242
-91.819239	36.383443
-92.423984	34.288063
-90.779288	34.77975
-86.243482	32.931445
-86.448721	31.243987
-85.824346	31.090866
-88.087431	33.787085
-87.881551	34.138219
-86.846402	34.454484
-87.364147	34.155888
-158.602233	59.824816
-134.178781	58.3727
-153.630911	57.553611
-135.332624	57.142509
-145.023141	61.34984
-109.242323	33.238872
-110.84519	31.525904
-105.788041	37.568442
-106.316972	38.738246
-106.176447	37.213407
-104.117928	39.310817
-105.245601	39.58646
-103.507555	38.99374
-104.489893	38.170658
-103.209605	39.965413
-102.422649	40.000631
-73.235428	41.791897
-93.215084	35.910063
-92.926877	34.946363
-93.031535	35.455297
-92.699351	35.90966
-91.471069	36.173399
-122.4017	39.602546
-115.355395	33.040816
-120.722718	39.062032
-119.964708	38.021451
-93.408303	34.997713
-119.81553	36.072478
-120.629931	40.721089
-123.032229	37.727239
-72.340977	41.858076
-81.286362	29.474894
-85.812959	30.866222
-84.412977	33.552242
-82.844938	31.549245
-85.506201	34.852424
-83.807167	32.151995
-84.319287	34.863837
-81.206777	25.601043
-81.383914	29.890593
-80.443364	27.380775
-82.365835	27.184386
-82.883614	31.300562
-83.331717	32.435403
-84.62629	31.521279
-84.788021	32.347445
-83.36713	33.952234
-111.621878	43.395171
-116.524619	48.773065
-112.36112	44.286251
-116.398784	44.061473
-112.318588	43.796965
-111.65655	43.789709
-84.127336	34.225143
-84.912432	32.731549
-83.687892	33.314905
-83.562339	33.020226
-84.529561	32.359538
-85.186826	33.995961
-85.009317	31.861487
-84.752311	31.762651
-83.290216	34.552914
-83.628567	31.718232
-85.305385	34.735827
-158.201976	21.461364
-116.633541	47.218451
-88.961529	39.860237
-88.920221	38.648396
-90.741433	41.204791
-89.478007	39.228092
-89.368487	38.084385
-90.889034	39.625106
-88.085698	38.71155
-88.798862	39.384926
-89.665994	42.349726
-87.726772	40.18674
-90.620223	40.850441
-86.355169	40.753799
-85.499831	39.30598
-116.748655	44.00274
-89.436592	38.885924
-89.528377	41.401304
-89.926485	42.059084
-89.279593	39.545524
-88.220782	39.51368
-88.224746	40.594423
-88.227964	37.768677
-88.401055	41.29241
-91.167988	40.405792
-90.130838	41.350021
-87.861125	41.139494
-87.868653	38.027614
-86.853325	39.665545
-85.751898	38.679431
-87.375847	40.352658
-85.006735	39.863091
-86.864293	40.75095
-94.478164	41.328528
-92.870345	40.744683
-92.327586	42.78089
-94.643683	42.38617
-86.873385	38.373344
-85.185032	39.639655
-87.005245	39.0486
-85.397338	39.929576
-85.00338	40.434972
-85.861575	41.244293
-86.744729	41.549011
-85.722454	40.166203
-86.135794	39.782976
-86.269036	41.325003
-86.801847	38.705322
-86.447457	39.482646
-87.402172	40.962399
-84.964299	38.940527
-86.838845	39.317339
-87.19695	39.77425
-94.040707	41.685321
-91.359443	42.473003
-94.388703	42.042494
-93.709198	42.390768
-93.241081	42.389955
-90.574597	42.164281
-91.588812	41.668737
-95.375314	39.239644
-98.222584	39.77701
-94.82233	38.883907
-99.286539	37.561231
-100.466185	38.481286
-98.214265	39.047276
-101.157407	38.91327
-96.161589	38.455498
-97.647489	38.395812
-95.742403	37.189537
-93.331467	41.033344
-92.981452	42.041691
-92.784466	43.348564
-95.625624	43.083746
-94.244251	40.735334
-95.308917	41.679014
-93.466093	42.037538
-94.245091	41.02855
-93.743488	43.378124
-95.300945	37.884229
-98.767837	38.481239
-96.838762	37.773681
-97.64139	39.487329
-95.147225	39.788502
-96.244642	37.456026
-98.205355	38.700845
-99.884734	37.688365
-100.48736	38.917239
-96.242232	37.878659
-98.06659	37.188184
-95.794509	39.410989
-93.400817	37.616761
-91.524787	39.553455
-93.995746	39.308401
-77.303277	42.856695
-78.229726	43.502287
-81.887194	40.829661
-100.483056	36.748334
-95.741757	46.937629
-93.800575	44.821381
-95.371117	47.575873
-91.398364	37.15198
-90.460868	37.113825
-90.244582	38.635699
-105.541739	48.794429
-73.743882	41.427904
-76.938604	42.419776
-98.767876	39.348649
-98.201415	38.347178
-97.650153	38.786327
-100.854741	37.180585
-98.78543	39.78466
-101.315796	37.202356
-95.18313	44.010711
-93.947234	43.676522
-93.782842	48.24549
-110.532798	45.421905
-109.391752	45.663496
-111.733493	48.645052
-76.29745	42.178057
-78.228567	42.701363
-82.163554	36.013102
-77.888029	34.512581
-101.083439	39.357706
-84.20986	38.202562
-84.873016	37.6182
-85.124083	38.668284
-96.272032	44.408238
-94.537198	43.677118
-93.632996	45.929043
-92.406722	44.00343
-96.08718	47.865487
-98.058037	42.183225
-97.13204	41.226072
-101.694192	40.53039
-101.072622	42.566985
-79.399935	36.041974
-80.552868	35.387845
-84.92822	37.321962
-89.187723	36.55262
-88.649897	36.723344
-96.263238	43.669587
-94.900576	46.066569
-92.233341	44.289693
-89.337114	33.936634
-98.05105	40.523669
-97.089455	41.574675
-96.788517	41.915865
-99.726866	41.393893
-81.214151	35.663182
-80.874545	35.806356
-85.120079	38.451561
-84.58396	37.873291
-86.881436	36.859829
-88.685964	32.048448
-90.895884	31.477798
-88.634811	31.212846
-99.815154	40.867378
-96.855862	42.48528
-80.239271	36.404195
-80.530131	34.991501
-84.658074	37.457257
-85.713508	36.714077
-89.083376	30.416536
-89.167262	31.621044
-96.645853	41.577008
-96.154066	41.297091
-81.709919	36.235371
-103.364924	47.009283
-103.497653	48.818142
-84.579986	37.108312
-86.581464	36.740863
-89.485903	34.349298
-88.660449	32.403998
-90.453566	31.535216
-99.909661	40.191991
-98.922998	41.905572
-98.021943	40.877145
-98.900475	47.723436
-98.526057	46.464195
-99.443041	46.117034
-86.423579	36.995634
-92.819605	30.652744
-92.11418	32.101244
-89.821736	31.230126
-88.485038	33.89003
-89.037239	34.227081
-98.784766	42.459287
-97.143103	40.175736
-96.688658	40.783547
-102.364756	48.210291
-101.33142	47.118079
-93.165437	29.871989
-91.672101	32.138279
-90.036231	29.5033
-89.298489	29.402337
-90.504677	30.117471
-91.421008	30.872701
-69.104548	45.917678
-76.525864	38.521358
-89.494973	32.019034
-90.59509	33.605529
-88.682057	31.64476
-89.037391	33.078724
-89.703793	34.030669
-97.606856	41.909929
-102.990599	41.732205
-96.245225	40.13785
-99.406557	40.516365
-102.662026	46.817031
-99.248158	48.682183
-101.540537	48.216686
-99.671502	47.580851
-69.765764	44.417012
-76.047433	38.429196
-73.213948	42.375314
-72.591655	42.583791
-71.179875	42.169703
-92.603592	40.190666
-95.437555	40.431846
-93.834326	36.699378
-96.109125	41.115064
-102.389698	42.507074
-100.506911	41.84862
-83.474173	38.841681
-80.745641	41.906644
-82.046008	39.333848
-83.978701	43.699711
-85.066523	41.918585
-85.999457	41.91624
-94.344089	37.500799
-90.024601	37.318349
-94.808173	39.66037
-96.224574	41.533979
-117.632382	37.778966
-118.127592	41.407914
-80.967727	40.017682
-84.565397	39.439915
-81.090787	40.579884
-84.591695	42.950455
-84.389816	43.98975
-88.652066	46.998305
-90.945626	36.944783
-94.421502	39.315551
-93.970053	39.962839
-92.515892	36.946517
-116.459047	37.966379
-119.743442	39.153447
-71.201665	43.867567
-84.149614	39.052084
-82.301746	38.817046
-81.091565	40.292318
-84.373811	42.603534
-84.420868	42.248474
-85.088992	44.678881
-85.582368	46.940602
-84.130107	45.024134
-93.340641	37.258196
-93.992582	40.34562
-93.322835	37.9367
-71.68013	43.299485
-74.691855	41.137424
-82.483445	39.490343
-82.594641	41.14508
-82.422393	40.40362
-83.766343	40.387553
-89.500461	47.216604
-85.322283	43.997552
-84.611272	44.339517
-85.52287	41.911488
-92.594832	37.65969
-93.833262	37.106135
-94.343956	36.630218
-108.392097	33.901814
-103.548071	35.107018
-104.803515	35.476876
-105.846836	34.634644
-83.400885	39.896607
-84.632059	40.535333
-81.452604	39.767232
-83.052921	39.071365
-84.146352	42.951545
-86.305697	42.283986
-85.570046	44.331375
-93.41976	46.602446
-91.923601	38.162615
-89.295929	36.826264
-91.402902	36.684867
-106.806582	34.71684
-74.31067	44.594374
-77.76978	42.727485
-74.435358	42.900891
-76.196117	43.00653
-84.645358	39.737906
-80.767656	41.308936
-83.367042	40.295901
-82.485961	39.252014
-96.005381	39.791043
-97.979836	35.543416
-99.211421	45.784249
-97.60979	44.017327
-96.795726	43.667472
-99.949631	45.064276
-94.305156	32.163978
-99.805303	29.82303
-99.967856	31.833311
-95.26963	32.377093
-88.212132	44.07841
-89.330472	43.471882
-89.417852	43.067468
-94.996796	35.904367
-98.476597	34.662628
-95.201553	36.76389
-96.947551	45.623397
-98.092105	44.021032
-100.717204	43.208172
-99.89322	32.295684
-100.461355	31.401583
-96.229675	29.278481
-98.716851	33.991103
-88.493284	43.754722
-87.424898	42.579703
-89.06819	45.259204
-94.808206	36.393369
-99.750139	36.224258
-97.150185	43.30867
-88.107384	35.603422
-97.584224	26.481092
-97.653997	33.219095
-99.75983	28.864652
-89.757823	44.898036
-89.409095	43.826053
-89.536693	45.713791
-87.496553	43.360715
-96.654255	34.313455
-98.542015	36.313119
-97.236335	36.384901
-87.364155	36.145533
-109.505786	40.890099
-113.290059	37.882727
-113.525014	39.09454
-71.732736	44.724021
-89.075119	42.669931
-90.504853	45.211656
-90.815226	43.599858
-96.327762	35.466804
-95.74813	34.92554
-85.674182	36.354242
-87.496983	35.523244
-72.25163	44.828442
-72.716335	42.999143
-88.541731	42.66811
-105.721883	41.665514
-95.408085	34.377896
-95.601337	36.378082
-85.618399	35.133422
-87.380887	36.500354
-78.81094	37.370725
-77.860916	36.764531
-77.478887	38.702332
-76.880172	37.119761
-98.868967	36.765141
-124.092557	43.184193
-84.541112	35.109437
-85.410344	35.372335
-77.992004	39.115931
-78.252836	37.520189
-118.985949	43.064355
-121.655976	45.511775
-119.602311	45.425496
-86.156691	36.39303
-85.777363	35.678282
-102.830345	34.067521
-77.914273	37.724166
-105.552029	44.241321
-104.353482	42.08958
-106.588541	44.044048
-118.73388	45.5912
-77.21773	39.869471
-101.205893	34.525173
-98.99847	31.764103
-102.258786	34.533621
-98.549617	31.951645
-78.470163	38.297981
-75.92686	40.413957
-79.91896	40.913834
-79.249705	41.513304
-97.210372	33.639169
-101.29871	33.609144
-78.052162	37.143696
-81.084209	36.901471
-80.334446	40.992735
-78.572463	41.81459
-77.894735	41.748222
-75.800969	41.819665
-79.754418	41.40198
-96.778424	32.766987
-99.765871	28.423587
-98.497393	27.681123
-98.222377	32.238136
-78.485381	38.037658
-77.396804	37.261685
-77.174639	38.883787
-77.486658	38.299272
-77.448681	38.768991
-110.558947	41.284726
-104.57002	43.846213
-71.285053	41.705271
-82.46046	34.213809
-96.934128	31.25193
-96.921231	29.877886
-96.144237	31.701654
-99.108788	28.869334
-102.631562	32.743942
-100.812374	35.402542
-82.625996	36.931549
-76.356269	36.85943
-79.061501	38.158056
-76.02402	36.779322
-81.127001	34.395669
-94.816276	32.486397
-101.822888	34.068436
-97.831677	32.430149
-101.43853	32.303583
-76.706717	37.269293
-117.911635	46.292851
-122.670503	48.158436
-122.649636	47.639687
-122.377444	46.580071
-117.232183	48.543877
-81.727903	34.005278
-98.279422	44.418265
-96.797797	44.376675
-96.083807	33.123438
-97.364823	32.379511
-121.953227	46.024782
-82.243392	38.41958
-81.081866	38.459826
-99.092941	43.72988
-98.155868	43.680439
-96.690239	44.75629
-99.153564	45.065476
-99.747112	33.616657
-102.348018	34.068862
-96.923633	29.382578
-101.819944	33.611469
-80.243402	39.505839
-81.161172	39.368133
-99.004575	44.546713
-103.473867	45.596612
-98.623188	44.063416
-97.499313	44.362969
-97.362036	43.678924
-97.201472	31.549493
-97.724747	33.676289
-97.521643	27.739406
-80.231335	38.902537
-80.430262	38.492985
-91.852892	45.437192
-85.137353	34.899393
-99.317329	38.914596
-95.278962	38.558019
-99.880952	39.349445
-100.451716	37.744513
-68.370703	44.564906
-68.657487	45.390602
-75.941584	39.562352
-76.299789	39.537429
-76.082405	39.040693
-70.211083	41.798819
-70.865107	42.642711
-82.661354	32.689831
-82.926317	32.39322
-91.913625	36.094879
-93.466322	35.573359
-96.521243	39.782709
-98.207362	39.393026
-96.644905	38.687696
-101.809516	37.18525
-99.899235	39.783867
-72.635648	42.136198
-82.83408	44.682535
-91.727624	33.957665
-93.720563	35.21855
-95.727275	38.649706
-99.34215	39.784506
-98.74012	37.647594
-97.650921	39.82891
-99.324492	39.346006
-86.634745	42.595788
-85.175625	45.005457
-92.678588	36.266656
-90.742199	35.014438
-98.765638	38.916839
-97.459451	37.683807
-95.755664	39.041805
-101.719859	39.351352
-83.740675	44.03687
-85.31455	42.582811
-94.063641	34.858869
-92.140494	35.856989
-98.719889	38.03563
-97.493349	37.236663
-97.095611	39.776714
-95.745175	37.558515
-86.741822	41.792639
-85.012385	42.24299
-84.838325	43.991137
-84.611132	44.680208
-92.515977	35.582959
-120.71837	41.592919
-122.007205	37.012488
-122.232276	40.126156
-119.133143	34.358742
-102.535457	37.303144
-103.077584	37.931891
-94.763087	39.115384
-85.281401	37.105541
-84.731444	38.974595
-87.866119	46.012823
-83.706372	43.021077
-84.642409	41.864475
-105.052125	39.953383
-102.604585	38.835387
-104.527472	38.827383
-82.681406	38.360004
-88.975757	36.857726
-85.073766	42.94465
-84.839425	43.645233
-85.547446	43.032497
-83.224325	43.088633
-105.528947	39.861082
-102.75621	38.388466
-103.090464	40.728091
-87.493554	36.893388
-85.153499	36.729124
-84.066853	41.895915
-83.911718	42.602532
-86.602967	44.350385
-85.149468	43.312782
-108.204521	40.573984
-108.263042	38.413427
-103.72126	37.88417
-102.392161	37.958181
-84.862114	38.760184
-84.625946	38.64921
-86.751892	43.289258
-94.986698	47.878825
-85.345289	34.474179
-87.168429	31.121748
-87.752049	33.732249
-108.200685	39.972606
-106.246675	38.033952
-105.182552	38.871994
-72.732916	41.806053
-82.357221	29.67574
-85.561403	37.269637
-88.97202	36.675916
-83.718497	37.605383
-84.475057	34.244317
-84.992583	31.619831
-85.239971	31.516978
-87.650997	34.904122
-71.990702	41.824999
-80.476658	26.19352
-88.083391	37.023976
-87.262931	37.530575
-85.629554	36.990394
-82.702614	30.917653
-83.769741	31.189758
-86.9814	34.810239
-85.464068	33.296475
-87.52286	33.290202
-81.940858	26.868826
-81.400884	26.118713
-81.806253	27.190581
-83.912338	38.038138
-84.354041	38.690765
-84.173284	34.442842
-84.226343	33.770661
-84.146721	33.07446
-161.950749	55.243722
-156.986612	58.731373
-150.026719	63.682732
-160.021086	67.005066
-135.335418	59.575097
-132.040326	56.279121
-81.151584	26.53934
-80.574803	27.700638
-85.210374	30.787812
-84.063757	38.513826
-85.058976	36.989127
-83.156818	32.160656
-84.906723	31.324191
-109.75412	31.881793
-110.320908	35.390934
-92.059974	35.566288
-83.17851	29.990066
-82.365784	27.481386
-85.22836	38.239426
-87.183642	36.840338
-82.836132	30.7085
-81.887618	32.151902
-90.630411	35.828268
-90.773894	35.291259
-93.887672	35.508573
-80.448673	26.645763
-83.498441	34.351922
-87.95165	37.658029
-92.556672	32.30448
-85.21373	34.263677
-84.873862	34.509667
-93.146915	34.578861
-90.565241	36.119922
-84.838188	34.240918
-83.958221	33.290355
-82.071446	32.403986
-90.359314	29.913833
-90.793956	30.02482
-91.309808	30.464052
-82.96329	34.348733
-82.636825	31.811615
-84.146681	31.818419
-88.885931	41.343341
-89.299351	41.747442
-88.552852	40.894376
-91.186925	40.915339
-90.878771	42.463481
-92.787367	43.052741
-81.132299	36.489356
-79.251454	35.704994
-83.998828	34.568149
-84.730386	31.162908
-83.922938	33.017435
-88.844539	40.494559
-89.342371	41.031119
-90.179078	38.277983
-95.599516	40.743726
-94.501272	41.683573
-93.743697	43.075411
-92.321908	43.365313
-76.60207	36.127288
-77.933543	34.934403
-83.492324	33.593732
-83.831978	32.571324
-90.202277	39.716806
-89.320176	42.041884
-88.592328	40.009056
-88.542374	37.417169
-92.059123	41.683918
-93.052971	41.685686
-91.967137	41.00688
-91.116914	42.125118
-94.213983	43.212478
-81.177256	35.293344
-79.788665	36.079065
-84.386627	33.090769
-83.481855	32.238794
-84.322724	32.263441
-89.82121	38.056515
-88.545031	37.751653
-91.597674	42.077951
-91.256994	41.218211
-95.956566	42.049432
-95.15779	41.021735
-76.404269	36.178261
-84.286067	33.262389
-84.834912	32.073225
-89.662311	39.756378
-89.51626	40.508074
-91.118699	41.483776
-95.633788	43.378542
-93.56972	41.684281
-92.522882	41.684526
-82.167667	35.278928
-83.919783	30.864616
-85.02836	33.034482
-89.252875	37.475104
-88.432129	38.431948
-89.910957	41.750571
-95.105224	42.387526
-96.177929	43.082854
-92.529412	42.074848
-94.697108	40.737949
-80.686463	36.415416
-78.405434	36.365481
-84.292281	32.881837
-82.421507	31.050881
-89.210301	40.789596
-84.936131	40.745733
-85.897999	39.205843
-86.565141	40.58498
-93.564366	41.336769
-93.332613	40.739983
-91.850788	43.292989
-93.248533	43.373491
-78.099924	36.397979
-76.572334	35.844589
-84.553218	32.046554
-83.84996	31.551773
-85.711122	38.476217
-84.97346	39.151491
-93.734735	42.733007
-95.569905	39.825931
-96.594064	38.298553
-94.845698	37.169392
-101.727302	39.789256
-78.004826	35.362741
-102.533198	46.096815
-116.244456	43.447861
-114.263009	42.691172
-114.153899	42.986181
-85.000185	41.401189
-85.863986	41.600693
-85.911474	38.317937
-97.168853	39.344964
-95.729137	38.23645
-94.853941	37.505628
-95.290529	38.896573
-100.831257	48.794412
-83.814542	39.414041
-81.930112	40.29672
-82.924771	40.848508
-112.520465	42.18389
-111.211765	43.760994
-87.234806	40.121282
-86.265006	41.050384
-86.020586	40.04987
-85.772904	39.822604
-105.966441	35.513722
-103.475723	36.488085
-78.026176	42.247894
-84.620438	40.132176
-83.007462	40.278941
-83.894894	39.687479
-90.75031	39.962069
-90.666295	39.164262
-85.478598	40.826394
-87.118814	41.017688
-85.44009	38.783604
-87.071308	41.509922
-86.692538	41.045272
-75.830291	42.161977
-76.574587	43.008546
-83.664077	40.660415
-84.065882	41.335072
-83.603668	39.184488
-82.614142	39.013477
-88.197201	40.13915
-87.791687	39.332364
-87.757172	39.00373
-85.466527	39.622312
-86.288159	41.617699
-86.64757	41.28322
-85.029679	38.825846
-85.795175	40.843717
-76.747179	42.155281
-73.626805	42.247729
-81.392643	41.924116
-82.481251	40.093609
-80.770396	41.01088
-88.222866	39.766078
-89.017923	39.001125
-88.926246	37.991848
-87.586166	38.02007
-87.462071	39.854045
-73.739951	41.755009
-74.149495	42.286951
-81.899566	41.116051
-82.028397	39.089807
-82.797729	40.525266
-90.206793	40.465688
-90.387757	39.355444
-87.272023	38.097764
-91.382751	43.274964
-74.502456	43.657879
-74.043583	42.817542
-103.506586	46.107807
-100.462001	46.971843
-98.496518	46.107756
-88.266148	37.517852
-90.93848	40.815141
-87.833601	40.748867
-92.306059	42.472888
-91.838666	42.470328
-92.780066	42.734708
-94.933302	41.333824
-92.31721	43.059741
-74.438172	42.591294
-76.827088	42.782294
-79.332546	36.393097
-103.844612	46.938924
-98.232444	47.463463
-99.742727	46.935385
-99.504585	46.469278
-90.211471	42.362391
-88.42804	41.939594
-91.323511	42.840998
-95.38909	42.043119
-93.78458	40.736379
-76.473712	42.453281
-81.177467	35.920951
-100.633267	48.233842
-98.204428	47.918667
-97.63003	46.108206
-103.462462	46.445834
-93.802639	39.068705
-91.728803	40.084559
-99.45853	42.413325
-97.140383	40.871944
-103.742605	42.483806
-81.968245	33.776498
-76.268808	37.425348
-91.501556	43.66699
-93.296339	45.562431
-93.297788	45.94776
-95.847268	44.409195
-93.548201	39.778587
-92.56434	39.829795
-92.429871	38.21672
-96.533943	42.154061
-98.983484	41.564094
-97.126243	42.210746
-98.522289	41.937859
-82.237953	39.743187
-83.052827	39.648947
-81.196932	41.16864
-94.27232	44.821644
-94.527346	45.123156
-92.759514	43.666249
-96.257015	44.015361
-95.446705	45.589623
-92.583642	38.633037
-92.874835	38.420807
-94.334741	36.908017
-114.863037	37.634605
-118.416279	38.516647
-118.409477	40.439639
-119.524646	39.438385
-83.142735	41.355291
-83.127436	41.120008
-81.365667	40.814131
-93.100141	45.01525
-93.298503	44.350943
-95.82153	48.761066
-94.883281	40.360484
-91.859504	38.464254
-71.425366	43.519109
-72.248217	42.925455
-81.534936	41.121851
-81.471157	40.447441
-84.169906	39.425652
-93.775092	45.443171
-93.220453	44.015261
-95.690398	45.27545
-94.761472	39.378696
-92.207022	37.824835
-92.492725	39.441601
-106.669065	35.054002
-104.469837	33.361605
-108.000255	34.93205
-103.346055	34.572984
-84.584323	41.564958
-94.651671	35.8975
-96.034705	34.374813
-99.671638	35.273945
-96.475049	45.76984
-94.988331	46.586784
-91.776708	43.982268
-93.773077	38.039069
-92.088719	39.797531
-93.109783	40.209587
-91.964478	37.314257
-106.832182	32.350912
-106.307968	35.870047
-97.287927	34.251848
-98.373438	34.290676
-96.379793	35.907732
-90.795542	31.203933
-89.251332	33.345964
-91.159307	38.761902
-90.897056	37.942315
-92.87608	37.280804
-105.550508	46.261481
-108.255307	35.573732
-105.781079	32.588776
-98.997386	35.645601
-99.014094	35.978433
-97.787729	36.378273
-97.788151	36.788254
-88.783326	33.661734
-89.548897	31.633331
-89.259447	31.18858
-104.901027	47.272425
-104.405718	46.318184
-109.174586	46.380624
-111.036924	48.559654
-99.273661	36.425619
-123.081079	45.941932
-95.109578	35.232294
-97.143755	36.814842
-88.642268	30.855431
-88.619991	30.458491
-108.436982	46.505665
-105.375808	46.852434
-109.941312	45.81306
-123.316117	45.248138
-80.350721	40.68414
-96.881392	35.703118
-97.245124	33.957775
-91.043878	31.733633
-89.826626	31.564734
-88.625631	32.750136
-107.280494	46.209636
-109.857147	46.497047
-104.274466	46.962866
-78.48998	39.997115
-78.31064	40.497926
-95.671764	35.369092
-95.613312	36.789615
-95.96458	35.646879
-89.514952	31.197135
-90.10753	31.550009
-89.639625	33.500714
-89.118412	32.40197
-98.500044	40.520632
-98.066794	41.7054
-98.773022	42.894448
-78.715284	40.494127
-76.40426	41.045517
-78.653938	41.427334
-94.802681	36.835764
-96.975255	36.079225
-89.963065	34.365205
-90.397725	31.177517
-88.52224	34.620866
-90.827388	32.89249
-99.074983	40.855226
-96.337746	41.854179
-78.999044	41.130287
-75.609587	41.44025
-96.692738	34.721071
-99.741572	35.708554
-89.917707	31.902503
-90.172833	33.955891
-89.0023	34.489101
-96.683453	40.255234
-98.530566	41.5676
-99.403418	40.178766
-101.11681	41.9187
-98.513303	41.219403
-75.976035	41.172787
-77.055253	41.343624
-95.941731	36.120121
-98.991962	35.290177
-89.283836	33.612048
-93.850014	37.733655
-92.271404	38.506847
-101.644474	41.194404
-100.744481	41.050322
-99.509764	41.897714
-98.031051	41.169801
-76.2178	40.70369
-77.257288	41.766859
-77.055475	40.962179
-92.671044	46.603818
-94.071213	46.491114
-95.46061	45.936429
-93.033812	37.683583
-94.40719	39.894665
-91.495916	37.60325
-94.40411	40.209379
-93.565054	40.112541
-97.991408	41.402386
-95.850954	40.387448
-96.131027	40.637992
-79.313173	41.843669
-71.576314	41.67775
-92.093681	43.67727
-92.716	44.406178
-93.792628	38.386491
-90.699627	37.62596
-94.338869	37.200865
-97.610992	42.271413
-97.513467	41.576866
-100.468576	40.16942
-81.433753	33.26068
-81.161249	34.689345
-81.943506	39.966046
-82.613627	36.712778
-89.501254	46.049848
-91.796423	45.892463
-88.232917	43.391156
-88.668149	44.085707
-86.593388	35.142532
-88.564671	35.175626
-110.990323	38.261229
-73.11146	43.035325
-81.539786	36.842318
-77.082026	38.818343
-79.356375	37.731663
-90.038825	44.461413
-106.933153	41.70359
-104.567298	44.589266
-108.435652	43.720871
-88.833424	35.606056
-89.150175	36.358175
-73.070525	44.460676
-72.909402	44.858964
-72.609475	44.274953
-76.301788	36.679376
-79.986039	37.778143
-77.299025	38.853183
-76.941396	36.684014
-80.914308	36.66564
-110.679842	42.228788
-104.960809	42.130319
-108.875676	41.660339
-87.127148	33.015893
-85.283076	36.34485
-87.851548	36.511756
-77.100703	38.878337
-80.231734	37.473129
-76.297149	37.04803
-79.195458	37.399016
-77.484727	38.747561
-85.654242	34.069515
-85.989201	31.402183
-85.799553	32.863369
-153.47283	69.449343
-85.458411	35.699245
-81.225337	36.656303
-81.929869	40.565309
-76.244641	36.923015
-77.392368	37.20473
-80.557048	37.120036
-121.601919	39.665959
-118.729506	35.346629
-121.939594	38.267226
-102.603023	39.30534
-102.355358	40.871568
-87.819703	35.242687
-98.687267	33.616305
-98.528187	28.894296
-94.422375	33.446051
-103.252458	29.808997
-98.201195	30.789616
-94.357579	33.083698
-94.668875	29.703933
-89.47985	30.391437
-76.610516	39.300214
-79.958472	37.27783
-80.055241	37.285333
-78.176356	39.173869
-81.858147	29.987116
-81.82158	27.492846
-83.979182	32.709446
-81.971524	32.794563
-98.212918	33.785904
-100.635236	31.877105
-96.578153	33.193885
-95.196057	43.389611
-91.725052	41.329401
-101.793689	37.995244
-99.232154	38.182873
-118.533308	47.00484
-117.404392	47.620379
-90.665154	46.546291
-84.052162	32.366216
-84.866979	33.920903
-100.272135	34.963358
-99.863648	31.318865
-102.59402	36.28637
-101.947322	32.741934
-97.361656	29.082342
-100.786095	33.614666
-101.35693	36.272847
-76.502124	41.791495
-97.198843	44.966324
-97.311859	30.103128
-98.111794	31.706982
-81.106456	37.403448
-80.059074	39.633645
-84.867592	30.933894
-83.525931	31.457003
-79.716475	33.626463
-98.577587	43.724719
-101.676426	43.184826
-96.675699	33.624508
-99.745697	34.289904
-89.785942	36.209916
-96.268562	40.395457
-103.482725	34.021457
-122.144709	47.040716
-98.942106	30.32639
-80.856315	37.656003
-87.995926	44.473961
-98.352175	45.589254
-99.203998	44.044306
-103.501762	44.896435
-98.029267	30.061225
-100.284807	35.816237
-101.362746	35.837047
-100.981304	31.303424
-104.18786	30.617087
-98.090814	27.733516
-85.456059	38.400046
-85.791423	43.562709
-84.576597	45.021794
-93.350289	43.674202
-92.367978	45.865255
-91.283505	45.069092
-90.610201	44.733596
-96.979795	42.912997
-103.46225	43.684943
-98.358433	43.391506
-103.512102	43.221504
-99.87443	32.743709
-96.288378	32.598944
-99.746396	30.479472
-99.182603	26.996981
-72.638356	44.603504
-91.111758	43.908222
-91.89258	46.463316
-91.89772	44.947741
-96.772261	45.172637
-97.796845	43.680612
-97.123223	44.02845
-103.796528	44.353669
-100.4177	29.347087
-98.240889	31.196731
-94.822682	30.162189
-88.755813	44.789641
-100.807555	35.836216
-100.913399	32.744462
-94.229774	33.699497
-106.915943	39.217533
-81.496517	31.212747
-88.773225	45.666882
-89.605639	42.677728
-88.987228	43.76141
-97.388339	43.006607
-85.205979	35.593668
-100.272683	36.2802
-98.126961	28.351535
-99.359856	31.205477
-88.581014	34.886648
-89.533209	32.427127
-93.108019	39.86444
-100.406683	40.530947
-98.49859	40.180646
-87.161813	44.500949
-90.130292	42.655578
-87.313828	44.105108
-84.859414	35.153914
-88.605505	35.416639
-99.111085	29.353661
-102.024326	31.870896
-100.92458	32.303781
-100.418108	32.312338
-100.815864	36.278744
-97.805905	32.777096
-107.669052	43.878831
-82.783483	29.284409
-101.805984	38.480408
-87.481575	43.017655
-88.464988	44.418226
-85.545718	36.545765
-89.413803	35.196993
-88.989037	35.218131
-102.784853	34.532163
-101.895547	34.962529
-96.407501	32.889216
-99.347045	32.743788
-101.894716	36.277628
-101.054911	31.835774
-100.505395	30.517865
-84.02637	33.652081
-89.381212	37.786096
-91.83489	44.627436
-92.426279	44.725337
-89.49807	44.476246
-88.185696	35.201893
-89.282536	35.58669
-102.339284	33.171229
-96.410272	30.215075
-100.253107	35.392593
-99.24244	34.08492
-79.806215	35.709915
-99.840463	48.768272
-83.783676	39.917032
-82.542715	40.774167
-87.414676	42.754075
-90.435693	43.376199
-87.705605	36.285777
-89.485537	36.333905
-98.085899	29.174303
-111.81193	38.746825
-96.201262	38.955154
-88.332752	36.882017
-78.650624	35.789846
-102.520087	48.786453
-102.458385	46.434939
-88.945808	33.921654
-89.119274	32.752518
-95.272263	34.875137
-97.409401	35.554611
-85.066964	39.409762
-85.628111	38.996234
-86.48782	38.839815
-86.523325	39.160751
-99.966497	48.238883
-82.270121	40.843274
-83.866772	38.931377
-83.753338	31.914753
-90.213761	40.930941
-86.469014	40.050892
-85.005004	40.164414
-86.489257	38.547381
-85.260541	39.10023
-87.390375	39.429143
-91.839373	42.86445
-95.507421	42.39186
-80.777231	40.768462
-81.497875	40.056665
-82.517186	38.603866
-92.636366	41.330797
-98.685052	37.222906
-75.074311	44.488113
-94.015184	41.330622
-94.678279	42.734033
-92.409482	41.031263
-95.313398	39.532544
-100.876869	37.55855
-101.308136	37.994461
-82.999028	38.815019
-98.323445	36.729703
-99.662842	36.800456
-83.14719	31.740776
-86.792773	37.843389
-102.612365	47.35461
-82.628276	39.752935
-84.228414	40.053326
-95.038977	39.189511
-94.832963	38.566772
-100.441206	39.350543
-97.450764	35.914151
-97.855607	34.481361
-122.675797	42.411782
-83.38421	42.660452
-89.926344	39.2659
-93.939138	42.038601
-98.381045	35.16792
-97.071557	34.485766
-89.918887	33.440795
-95.757553	37.888484
-86.217778	37.227856
-84.533492	38.930477
-123.911183	44.641076
-123.397329	44.904395
-96.837247	37.234507
-79.17222	35.476075
-91.313933	37.966561
-92.006458	39.49827
-97.596263	40.173845
-76.511525	41.43979
-80.578691	40.272645
-87.685095	37.520021
-67.609354	44.967009
-75.709428	40.917833
-75.590627	40.614241
-84.244772	30.875863
-83.063164	31.038197
-89.742082	45.338319
-99.985846	44.392258
-99.260682	29.755748
-100.276442	34.091906
-84.495271	45.47612
-85.085471	44.325424
-84.128073	44.33328
-79.374964	34.390172
-99.202158	43.179094
-114.82142	42.973185
-91.194961	39.986053
-88.901853	40.181499
-98.711094	29.944524
-99.761074	29.35034
-73.038196	43.580844
-156.705188	58.205065
-82.642815	43.449155
-83.844634	42.252327
-92.869353	44.020706
-97.580884	45.737054
-102.55948	43.341937
-98.339644	44.931034
-88.882962	37.460815
-89.928546	38.470198
-87.301092	33.791571
-111.783018	32.128237
-95.149704	43.673025
-92.763094	46.10094
-100.027856	45.427605
-88.387674	35.653995
-98.399977	30.265605
-102.607564	34.940766
-87.374337	41.472239
-86.892715	40.040296
-84.925152	39.623111
-95.141433	42.741522
-94.236224	35.583041
-92.674463	34.648525
-94.230123	44.575734
-88.363127	34.281075
-88.680887	34.288965
-88.918819	34.763618
-96.104988	33.591161
-95.219066	33.175846
-93.271425	42.736549
-92.167721	41.331182
-95.14429	40.73909
-96.053296	42.39322
-103.787562	38.321956
-85.631348	30.237563
-93.287942	38.301036
-93.187614	36.969739
-93.805999	38.74588
-93.567631	40.421414
-99.351968	30.053928
-96.593623	31.547543
-101.732852	34.53046
-111.570451	39.380588
-72.112168	44.468791
-100.459708	39.783542
-95.297473	37.191468
-97.102771	38.359647
-99.309183	38.523592
-86.594194	30.665858
-82.387859	31.563327
-85.080527	33.582237
-92.45858	36.649643
-90.18117	37.89018
-93.042819	36.649827
-79.980584	36.620593
-77.535975	36.696182
-79.44432	37.782332
-84.379583	38.946981
-83.828052	38.594068
-84.577744	30.877961
-116.694918	47.677113
-88.483789	38.747312
-104.533913	48.705523
-103.011929	41.214236
-103.134872	42.711214
-101.756875	41.915867
-103.711105	41.199155
-77.476009	37.531399
-117.536715	46.429474
-91.050528	29.899884
-92.991125	32.827585
-83.426574	44.894954
-85.8114	43.995187
-88.592786	39.047694
-90.361365	39.080192
-98.046842	40.176492
-103.70586	41.851589
-97.596742	40.873056
-72.222084	43.361188
-123.424458	46.294638
-82.024172	38.759288
-79.668865	39.46903
-86.655342	42.942346
-83.436618	43.487902
-88.452245	42.324298
-88.625726	39.636896
-88.178585	38.087372
-78.192778	43.00091
-75.442617	43.786397
-76.702355	36.442135
-90.806541	44.324895
-90.619969	43.945175
-89.239752	44.112825
-106.764877	42.973641
-94.00144	45.701227
-94.91329	47.095551
-95.763132	43.677686
-95.992315	45.593461
-84.60469	43.292326
-101.488434	36.741964
-92.903849	45.505444
-96.984395	30.791242
-98.317974	32.75221
-98.872817	47.464327
-101.658152	48.712782
-98.957592	46.971103
-84.106546	40.771528
-83.666034	41.000471
-93.73018	44.373397
-95.714578	46.405725
-94.614128	43.978366
-97.291291	32.77204
-112.129376	38.335881
-70.330375	43.808348
-83.172927	40.588208
-84.204143	40.33668
-98.428934	35.877782
-97.312723	34.70935
-89.522568	32.753268
-88.988755	31.169307
-91.729472	40.407275
-91.50578	38.441183
-106.882618	35.685073
-81.557115	35.33463
-95.235638	36.303804
-117.18558	45.593753
-85.609476	31.430654
-92.146809	40.136776
-91.635379	39.807538
-91.790349	37.866326
-90.969516	37.360857
-99.372249	32.29315
-85.717261	32.101759
-87.321865	34.529776
-80.107811	41.68684
-77.620661	40.61189
-100.027951	45.782241
-87.293827	32.639005
-151.576855	65.376131
-93.226901	33.21507
-93.467782	36.747857
-98.498004	40.866023
-97.891349	42.634405
-101.636443	40.856065
-93.664147	34.545652
-84.765944	33.699317
-83.277037	31.604306
-97.749383	43.33671
-96.676054	44.012429
-100.131399	44.722325
-92.944147	34.315177
-86.440871	38.289433
-85.654946	40.515758
-98.972849	41.218743
-115.351424	41.141133
-83.732158	34.90265
-112.399206	43.216357
-88.240619	39.273121
-86.062404	35.808394
-86.001231	36.537838
-86.200863	37.967476
-85.321525	38.026976
-69.038515	44.042045
-74.308696	40.659871
-105.449083	33.740941
-87.730221	38.718954
-86.23941	39.192585
-85.426302	41.642468
-85.41785	41.400794
-85.002467	41.643437
-100.307373	29.985877
-101.303274	34.073731
-101.301134	33.183792
-84.439446	31.777191
-83.734215	33.782649
-120.026875	44.736411
-80.252786	41.300014
-91.13219	41.772355
-95.544905	41.340184
-96.245396	37.154259
-97.129886	31.98224
-97.860767	28.907618
-94.230884	34.490915
-94.218417	35.971209
-102.345105	40.594712
-77.072954	40.755348
-77.259732	36.926645
-97.436707	38.050144
-94.844932	38.216549
-98.078346	37.948185
-85.355171	38.618193
-98.68469	30.707585
-101.893804	35.398675
-102.042013	31.353849
-103.055986	31.831416
-113.4878	37.262531
-70.14191	41.305878
-86.494317	44.648621
-84.846524	42.589614
-79.408071	36.583334
-79.863648	36.683527
-78.90142	38.067157
-90.103431	31.164492
-91.843415	39.21448
-93.979179	39.658998
-92.812323	38.845386
-81.125853	37.130612
-78.284445	37.830606
-156.97401	21.218764
-113.64001	42.856937
-88.768991	41.894613
-80.671378	39.854717
-81.906109	38.510513
-91.887368	36.774369
-91.465437	38.935162
-90.86706	36.648902
-103.087821	42.215665
-82.157564	36.616954
-76.521719	37.075978
-104.383649	40.555794
-82.302284	30.324442
-81.982978	31.197334
-96.768038	39.002155
-88.704379	43.422706
-88.773986	43.013807
-97.256824	42.604511
-96.562549	42.390456
-98.96208	40.183203
-117.227781	46.181861
-120.780117	45.869509
-85.532854	42.246266
-85.332751	43.635295
-84.574166	33.93994
-88.824295	42.318983
-88.206516	44.996575
-90.680595	35.568981
-98.948461	40.506269
-97.570663	41.187925
-119.609019	38.905129
-81.677717	38.834234
-90.133692	43.001021
-88.539005	38.085226
-88.430626	41.58814
-88.705658	37.216119
-82.455707	28.302024
-97.885613	42.986031
-97.593734	45.362283
-99.492148	44.537301
-98.215276	27.034994
-103.413271	32.795687
-73.852939	40.848711
-92.453154	45.46803
-88.306707	43.019308
-95.315683	37.564283
-101.789383	37.565932
-85.92499	36.963614
-88.274086	36.620978
-85.722188	35.387273
-82.495037	36.295665
-77.664656	43.464475
-77.385525	42.266725
-84.214444	31.535068
-82.606913	33.227491
-100.208336	34.529337
-97.477738	29.468704
-100.576343	34.453189
-102.343398	33.605932
-98.700127	27.041212
-101.818493	33.178412
-78.877919	36.036589
-77.639023	35.238062
-89.767358	40.785999
-88.930018	37.730353
-90.290525	34.25264
-94.354242	38.647159
-91.171042	39.344178
-94.341597	37.850196
-132.875734	55.415683
-92.695926	39.143365
-90.345453	37.473235
-90.473868	37.810707
-92.48001	37.267636
-88.451659	35.967896
-86.099203	35.155926
-108.276656	45.936987
-96.140609	40.909878
-90.315331	35.211878
-107.90978	39.599352
-87.415843	39.089225
-85.501892	41.136426
-93.251266	43.075171
-94.202775	42.782221
-87.396546	35.220476
-85.075741	36.559364
-102.332604	41.112988
-101.05558	40.535786
-95.718603	40.123743
-106.9323	37.651478
-81.19082	26.95481
-80.398211	27.079954
-96.207201	43.38358
-96.215864	42.737585
-82.418245	36.100215
-97.481921	31.04211
-95.988082	30.543231
-96.58908	28.959802
-99.096774	28.351098
-99.237608	30.703232
-119.197417	39.022214
-74.078627	40.731384
-100.360094	37.243886
-101.076738	39.786198
-84.100355	38.678523
-91.952943	40.754117
-94.850928	37.8561
-97.157943	38.867735
-106.939003	33.991614
-102.59762	35.401921
-97.769211	32.217942
-73.300758	44.801788
-76.076265	42.593824
-74.024772	41.154785
-81.920363	36.072894
-85.393499	36.784227
-85.657624	38.189533
-74.137063	40.563855
-77.063164	43.458758
-80.717178	37.31193
-88.967006	44.478004
-78.657634	36.299884
-79.119355	36.062499
-97.718895	47.458288
-88.712378	37.053688
-87.858652	36.807681
-82.849447	44.329482
-84.37922	43.648378
-81.225176	35.487825
-80.665164	36.158765
-89.161205	42.337396
-99.923176	42.34939
-84.224018	40.561309
-83.008258	39.969447
-83.227291	34.375155
-84.663279	33.03022
-100.237842	46.284255
-101.820765	47.303279
-85.353048	32.604064
-84.868786	38.234919
-81.090658	39.725969
-83.622682	41.360183
-120.38979	42.788401
-116.730974	46.81892
-87.74711	39.679037
-88.150763	39.004874
-100.341499	47.581373
-84.124267	41.597264
-80.76141	40.399188
-90.613464	40.156905
-92.05763	42.092547
-123.759327	45.455743
-99.205362	45.41168
-89.900195	38.827082
-89.298386	41.19894
-86.477567	40.305944
-86.510287	39.768749
-84.290546	39.755218
-83.059585	39.323763
-92.662082	32.601148
-90.603165	34.22867
-96.722286	43.27942
-102.467995	45.483387
-94.696906	41.021656
-92.410345	40.748089
-95.827149	41.688584
-97.88689	35.021058
-120.371585	44.163054
-91.07341	38.408313
-103.726263	41.53975
-83.227453	36.52142
-97.119046	33.205005
-98.83656	32.324645
-95.619101	41.033703
-99.304746	37.883595
-73.974014	42.588271
-78.122617	39.910751
-76.665259	41.029261
-76.00878	41.525137
-73.513845	42.710421
-102.508735	36.755276
-100.250548	33.614159
-99.854936	30.883707
-99.206137	33.170712
-102.823771	33.172397
-73.141581	44.031248
-74.423678	43.115609
-80.257289	36.131667
-79.782889	36.380927
-77.298944	37.29101
-76.634781	36.697157
-80.620728	40.098932
-123.097615	45.553542
-97.724912	44.855211
-80.728043	36.732426
-78.874197	38.436013
-80.570057	40.516931
-77.918982	35.704125
-97.647554	46.449276
-81.173505	41.499322
-81.382975	39.020034
-87.730546	43.746002
-92.447284	45.028959
-86.750814	43.996636
-80.045629	39.329072
-91.286414	44.726355
-90.35965	45.679072
-105.507367	42.972839
-82.179722	41.438805
-96.288039	34.582861
-96.251183	35.052934
-104.660395	41.29283
-93.724053	36.012545
-103.807092	40.262354
-93.358015	30.229559
-70.207435	44.167681
-95.906155	36.70438
-93.062481	44.670893
-89.200029	34.810773
-89.112297	30.790184
-116.59694	48.312512
-101.176017	45.69834
-86.807575	43.647255
-84.05541	43.328267
-93.242723	45.27411
-89.504231	34.76619
-94.395803	39.608723
-86.0946	39.495986
-110.106372	48.628331
-101.697045	41.570856
-101.044217	40.176896
-101.060237	41.596473
-96.640923	41.223152
-71.723101	42.911643
-86.03442	34.047638
-164.188912	64.783686
-119.798999	38.61761
-120.773446	39.295191
-108.595786	37.338025
-81.340921	27.342627
-81.161813	29.057617
-83.000465	33.26922
-82.931062	31.913639
-114.804427	43.463396
-88.086038	41.852058
-89.009178	37.05112
-83.388616	37.087846
-93.340253	30.645018
-93.34905	32.101213
-76.847272	38.82588
-83.261953	42.284664
-89.588622	33.09047
-112.9311	46.844225
-74.407585	40.439593
-73.837929	40.658557
-77.644842	36.251438
-79.100881	34.63921
-122.195127	45.160493
-79.028486	39.981297
-81.272853	33.892554
-88.071212	36.069253
-89.627732	35.762951
-97.742586	28.416077
-100.40312	32.740473
-112.202123	41.037045
-78.661424	37.014091
-77.959178	37.971681
-77.65628	38.182311
-122.658682	46.185923
-80.849409	38.915865
-80.634394	39.596574
-88.096878	33.296809
-163.19095	62.283174
-86.55108	34.764238
-140.239593	59.999083
-92.598145	33.168219
-119.655019	36.761006
-122.371542	37.414664
-108.461837	39.019492
-81.648113	30.335245
-86.176614	30.631211
-84.468182	33.790034
-82.533349	32.172108
-83.438262	31.962717
-87.010645	38.009789
-99.813869	37.233831
-85.963183	37.695836
-83.691566	37.423452
-91.993798	31.085094
-91.36315	30.288394
-91.611481	30.121433
-70.701536	41.380939
-90.988552	32.754977
-93.658659	34.158191
-117.777207	33.675687
-105.670791	39.689403
-72.524227	41.434525
-82.464835	28.567911
-84.119395	37.113268
-83.425969	38.205894
-91.604621	30.708319
-83.167103	33.576836
-83.855189	33.544046
-90.572203	41.468404
-74.966728	42.193987
-81.70618	35.746182
-83.130641	35.286463
-98.737329	48.265551
-93.613128	47.490843
-93.589844	44.01846
-112.892869	45.133863
-108.226575	47.141917
-118.270419	39.525701
-75.143708	39.721019
-93.854878	37.43235
-75.009542	40.853524
-78.778192	42.752759
-73.950777	40.635133
-80.109959	34.974996
-77.987555	35.965945
-101.047525	46.109282
-123.597245	42.385382
-117.999136	45.304047
-76.458009	40.367344
-99.876219	43.349729
-83.266071	36.218397
-83.836088	36.28414
-95.156504	31.843859
-94.393149	30.329612
-110.721111	39.009028
-75.757807	37.765944
-108.324578	36.511625
-77.84783	40.90916
-75.307447	40.752791
-80.68932	32.358147
-76.993339	37.498974
-76.303534	37.12836
-78.843641	39.010818
-81.066317	39.177112
-88.669251	44.991304
-104.468373	43.062159
-80.251209	34.15864
-78.879394	37.790016
-80.19011	37.331077
-118.417668	47.582718
-81.658205	37.382663
-114.038793	33.727625
-92.324654	35.146356
-118.875167	37.915836
-120.038485	34.537378
-104.959928	37.687815
-81.636516	30.916358
-88.363426	37.209517
-83.826985	37.810379
-92.06417	30.206507
-90.046253	30.852144
-88.92421	38.30078
-72.692218	40.943554
-83.752264	35.052997
-76.981616	36.363517
-90.884476	33.799278
-121.816278	48.493066
-97.178598	44.680619
-84.249786	35.447666
-85.455766	35.927062
-98.255201	29.803019
-105.377549	31.450868
-94.731265	33.116466
-95.162852	30.574218
-102.072539	30.232332
-109.517748	40.125887
-77.352348	38.030319
-76.778319	37.324427
-115.467376	45.849237
-76.162488	36.342344
-95.930372	30.966878
-106.329248	40.663432
-78.828719	35.050192
-94.245685	44.35882
-80.879493	39.465981
-87.114356	32.33354
-107.670257	37.781075
-96.337113	39.382187
-86.64449	32.536382
-131.106685	55.449938
-122.746757	39.094802
-107.383405	37.811625
-82.074715	28.714294
-81.74287	31.749563
-113.177627	43.6851
-85.07223	41.091855
-99.908745	38.480437
-84.748147	38.042789
-89.263494	29.91811
-86.199352	46.020758
-90.37177	34.652201
-89.655949	36.594261
-114.083687	47.642901
-82.366918	30.05428
-86.29021	36.148476
-94.979085	32.974581
-98.578853	28.384922
-111.240227	41.627598
-79.147848	37.630362
-77.956476	38.48593
-93.617977	32.696202
-71.940282	42.311693
-73.970174	40.776557
-100.311368	28.745217
-113.95529	43.394482
-101.347434	38.481922
-89.943329	43.427998
-87.077763	35.615696
-111.875879	41.270355
-116.431873	44.884583
-83.710763	37.164466
-109.78932	37.623064
-78.276961	38.412059
-106.137555	39.621023
-91.989275	30.583441
-82.738701	32.109276
-76.1242	39.239177
-95.862756	44.715736
-74.300308	41.033763
-80.525344	35.639218
-80.096386	42.117952
-87.877027	35.659785
-69.97604	45.507482
-115.180225	47.756469
-79.962116	34.332185
-107.050863	37.202395
-110.81187	33.789618
-85.197916	30.388801
-89.127755	37.215615
-82.349568	27.90659
-91.463804	29.629349
-120.740145	46.456558
-101.626455	43.677294
-100.253807	33.17958
-100.443665	41.542156
-75.663575	42.910026
-82.972807	35.557097
-94.703491	34.899642
-120.678512	45.399216
-79.94248	32.800458
-84.195418	36.116731
-96.977983	28.104225
-94.022294	30.752932
-93.851913	31.3433
-110.968486	40.87206
-76.379687	37.856974
-119.467788	47.213633
-81.264671	37.76247
-87.964201	32.844497
-146.599867	64.690832
-92.878418	33.591158
-120.44754	35.385227
-106.349696	39.204316
-84.799174	29.810176
-95.004981	45.152714
-79.362131	34.080701
-103.712706	31.308366
-88.196568	30.684573
-121.272237	37.935034
-69.843994	43.916694
-85.792174	39.524135
-85.175416	37.754209
-92.29009	29.786872
-84.52063	46.321819
-82.842057	34.115017
-83.074081	33.866806
-94.904312	41.679178
-77.104324	42.638237
-81.919583	35.402747
-83.459327	39.553845
-90.543138	38.257414
-92.519016	40.469361
-104.563387	47.785513
-121.165069	45.164536
-75.031514	41.325949
-82.139644	30.779904
-84.498386	36.437239
-96.622091	30.493487
-103.561229	31.844936
-98.819292	31.155138
-72.369687	44.003392
-78.939614	36.766461
-77.300333	37.437521
-92.310779	38.989657
-92.316515	34.773988
-83.130334	36.702162
-117.403927	36.561977
-86.432829	37.778109
-81.861699	39.624946
-101.146646	29.884961
-80.45059	37.924418
-107.518163	45.407869
-76.527958	37.606828
-98.171902	33.232277
-87.801457	34.703112
-84.375136	30.140378
-94.419129	40.480482
-104.331733	39.644632
-75.853323	38.07445
-81.607647	35.049796
-97.798022	31.391177
-81.692783	27.953115
-123.17385	47.354126
-111.450886	37.831622
-90.62229	41.641679
-94.610482	45.555235
-78.28309	36.088241
-101.961836	32.30983
-81.515928	39.211679
-84.251426	32.554667
-87.746067	30.659218
